5 4
3 2 1 5
2 2 5 3
4 1 3
5 1 1

32 31
2 1 1
3 2 1 2
4 2 1 3
5 2 3 4
6 2 1 3
7 3 1 3 6
8 4 2 5 6 7
9 4 1 4 5 7
10 7 1 3 5 6 7 8 9
11 4 1 2 3 7
12 7 1 2 4 5 8 9 10
13 4 2 4 7 10
14 3 2 3 5
15 5 3 4 5 11 14
16 8 1 6 7 8 9 10 13 14
17 10 3 5 6 7 8 11 12 13 14 15
18 6 1 4 6 12 14 17
19 7 2 4 5 8 12 13 15
20 5 2 6 10 17 19
21 9 1 2 6 7 9 13 18 19 20
22 10 2 3 4 7 11 12 13 15 16 21
23 11 1 2 5 9 10 11 12 15 19 21 22
24 16 1 4 5 6 7 8 9 12 13 15 16 17 18 19 20 21
25 12 1 2 4 5 8 9 11 16 19 22 23 24
26 16 1 2 3 5 8 9 12 13 14 15 16 19 20 21 23 25
27 19 1 2 4 5 6 9 10 12 13 14 15 16 17 18 19 20 23 24 25
28 15 1 4 5 6 7 8 12 14 15 16 19 21 22 23 24
29 12 4 5 6 7 8 9 11 14 15 20 21 25
30 14 1 2 3 4 8 11 14 15 19 20 21 22 24 26
31 16 2 3 4 5 6 7 9 13 14 16 18 22 23 26 29 30
32 15 1 2 4 5 8 9 11 14 17 18 19 20 22 25 26

14 8
2 1 12 
3 1 6 
4 2 13 9 
5 2 4 7 
6 2 11 12 
7 1 3 
8 1 13 
9 1 8 

71 4
2 1 11 
3 2 6 12 
4 1 34 
5 1 17 

86 1
2 1 17 

3 0

14 5
2 1 1 
3 2 7 9 
4 3 12 3 2 
5 3 9 8 1 
6 1 4 

8 2
2 1 3 
3 1 7 

17 1
2 1 1 

10 9
4 1 7 
10 2 4 7 
9 3 10 4 7 
6 3 10 4 7 
5 1 7 
8 2 5 7 
3 3 8 5 7 
1 3 8 5 7 
2 4 1 8 5 7 

12 11
8 1 7 
2 2 8 7 
1 3 2 8 7 
4 4 1 2 8 7 
3 5 4 1 2 8 7 
6 3 2 8 7 
9 1 7 
10 2 9 7 
12 3 10 9 7 
5 2 9 7 
11 3 5 9 7 

6 5
3 1 1 
4 2 3 1 
2 2 3 1 
5 3 2 3 1 
6 1 1 

11 10
7 1 10 
5 1 10 
6 2 5 10 
9 3 6 5 10 
3 4 9 6 5 10 
4 4 9 6 5 10 
8 3 6 5 10 
1 4 8 6 5 10 
11 5 1 8 6 5 10 
2 2 5 10 

6 5
4 1 3 
2 2 4 3 
6 1 3 
5 2 6 3 
1 3 5 6 3 

13 12
9 1 6 
2 2 9 6 
7 3 2 9 6 
11 3 2 9 6 
1 2 9 6 
5 3 1 9 6 
13 1 6 
8 2 13 6 
3 2 13 6 
10 3 3 13 6 
12 3 3 13 6 
4 4 12 3 13 6 

14 13
1 1 14 
4 2 1 14 
11 2 1 14 
10 3 11 1 14 
6 4 10 11 1 14 
13 5 6 10 11 1 14 
12 4 10 11 1 14 
8 5 12 10 11 1 14 
7 5 12 10 11 1 14 
3 1 14 
2 2 3 14 
5 2 3 14 
9 3 5 3 14 

9 8
8 1 3 
6 2 8 3 
1 3 6 8 3 
5 4 1 6 8 3 
9 5 5 1 6 8 3 
4 1 3 
2 2 4 3 
7 3 2 4 3 

14 13
12 1 6 
11 2 12 6 
8 3 11 12 6 
3 3 11 12 6 
9 4 3 11 12 6 
13 5 9 3 11 12 6 
14 1 6 
2 2 14 6 
5 3 2 14 6 
1 4 5 2 14 6 
7 5 1 5 2 14 6 
10 5 1 5 2 14 6 
4 2 14 6 

3 2
2 1 3 
1 1 3 

4 3
2 1 4 
3 1 4 
1 2 3 4 

11 10
4 1 10 
9 1 10 
6 2 9 10 
5 3 6 9 10 
8 4 5 6 9 10 
7 5 8 5 6 9 10 
1 6 7 8 5 6 9 10 
3 4 5 6 9 10 
2 5 3 5 6 9 10 
11 2 9 10 

3 2
2 1 3 
1 1 3 

7 6
6 1 7 
3 1 7 
1 2 3 7 
4 2 3 7 
2 3 4 3 7 
5 3 4 3 7 

8 7
7 1 8 
1 2 7 8 
4 3 1 7 8 
6 4 4 1 7 8 
5 3 1 7 8 
2 2 7 8 
3 3 2 7 8 

10 9
8 1 7 
10 2 8 7 
9 3 10 8 7 
1 3 10 8 7 
6 2 8 7 
4 3 6 8 7 
5 4 4 6 8 7 
2 5 5 4 6 8 7 
3 1 7 

5 4
5 1 2 
3 2 5 2 
4 3 3 5 2 
1 1 2 

10 9
10 1 5 
7 2 10 5 
4 3 7 10 5 
2 4 4 7 10 5 
6 1 5 
3 2 6 5 
1 3 3 6 5 
9 4 1 3 6 5 
8 4 1 3 6 5 

5 4
3 2 1 5
2 2 5 3
4 1 3
5 1 1

5 4
3 1 1
2 2 5 3
4 1 3
5 1 1

8 6
2 1 4
3 1 2
5 2 1 4
8 2 4 1
6 1 4
4 1 1

74 41
42 6 72 55 43 67 63 58
41 7 49 60 44 55 69 47 66
40 6 49 42 60 64 44 74
39 3 70 53 72
38 6 65 67 58 52 39 64
37 9 51 65 47 60 59 45 44 69 43
36 9 68 62 66 44 43 46 42 52 74
35 2 52 71
34 5 69 73 61 72 39
33 5 52 38 66 68 62
32 6 38 65 43 68 60 37
31 7 60 49 48 68 47 66 72
30 1 46
29 7 44 36 38 39 40 71 53
28 7 62 31 46 42 43 66 67
27 9 69 59 43 65 67 48 74 29 28
26 4 46 67 34 52
25 1 48
24 2 34 73
23 6 72 47 54 31 63 55
22 9 57 32 72 43 73 49 46 68 29
21 5 54 38 59 26 25
20 5 36 60 72 46 58
19 8 59 38 69 46 74 28 57 68
18 3 31 69 35
17 6 22 72 74 68 35 23
16 1 63
15 4 35 71 47 33
14 2 17 26
13 9 65 26 73 41 23 35 50 67 44
12 5 19 35 72 50 31
11 3 70 64 29
10 5 19 22 40 38 32
9 6 40 44 65 19 70 61
8 8 21 33 44 13 43 24 30 60
7 5 49 58 15 73 21
6 1 16
5 2 56 30
4 3 21 49 36
3 8 13 71 7 67 31 40 23 73
2 7 42 50 57 9 41 3 44

19 9
10 9 18 11 19 13 14 15 12 17 16
9 5 14 18 17 11 15
8 5 17 14 10 19 12
7 6 17 18 12 10 16 13
6 6 17 7 8 13 15 14
5 5 14 16 9 11 8
4 4 18 14 12 6
3 8 18 8 6 10 9 17 7 19
2 4 16 14 7 5

77 62
1 5 51 14 46 64 4
2 6 25 75 5 71 50 40
3 2 25 26
4 1 38
5 5 43 68 50 49 21
6 8 45 21 71 60 35 52 42 31
7 9 64 15 16 10 75 46 37 42 41
8 8 72 71 77 63 67 70 32 24
9 2 54 63
10 8 72 69 71 77 46 74 55 35
11 6 14 38 76 18 45 59
12 7 39 38 71 57 63 17 59
13 5 51 75 31 66 28
14 4 42 49 58 73
15 9 61 48 68 62 33 37 42 40 38
16 8 28 76 69 29 26 49 48 19
17 8 23 36 40 35 53 25 52 68
18 1 70
19 4 25 37 71 69
20 2 22 62
21 8 76 27 36 58 44 39 63 41
22 7 47 28 60 68 23 35 67
23 7 57 59 69 42 45 74 40
24 9 57 33 49 45 61 68 59 25 67
25 7 77 29 67 71 38 48 31
26 2 45 36
27 3 58 51 32
28 1 35
29 7 68 30 46 62 47 52 71
30 4 39 48 60 57
31 4 64 37 65 62
32 1 49
33 2 40 41
34 6 72 62 35 59 40 73
35 1 42
36 3 75 56 71
37 6 62 73 43 56 61 76
38 1 64
39 7 61 62 54 59 45 46 66
40 7 62 49 77 74 54 73 44
41 8 65 52 59 69 70 72 45 74
42 3 48 63 67
43 6 66 46 64 69 55 67
44 5 64 74 51 75 58
45 6 73 48 71 60 55 64
46 1 54
47 9 62 54 76 51 55 58 60 50 61
48 4 69 76 74 75
49 3 65 71 72
50 1 67
51 7 64 66 62 65 70 63 74
52 8 64 69 76 71 63 54 59 66
53 9 75 73 55 62 65 63 57 56 72
54 8 70 69 63 65 67 66 74 77
55 2 60 64
56 9 75 67 64 77 65 62 70 58 60
57 1 70
58 1 67
59 3 76 72 69
60 1 67
61 2 65 67
62 3 71 72 64

58 16
2 1 33
3 2 50 52
4 3 38 6 33
5 4 47 29 23 38
6 4 43 54 26 49
7 2 48 32
8 7 56 24 32 33 50 19 22
9 6 48 44 4 33 51 8
10 8 42 44 28 46 8 5 50 37
11 6 20 22 27 13 41 35
12 7 15 49 41 2 7 8 56
13 9 15 53 5 3 10 26 43 41 25
14 4 33 22 31 23
15 7 40 1 26 7 14 2 6
16 9 56 44 39 7 12 13 3 19 23
17 2 26 34


21 3
1 1 4
2 4 20 18 21 11
3 1 11

67 28
1 7 24 4 9 22 28 15 53
2 9 43 57 35 26 22 11 49 23 4
3 3 19 56 66
4 7 17 45 28 53 57 62 44
5 4 61 30 26 52
6 3 11 49 18
7 9 30 22 53 19 32 10 56 17 54
8 6 20 61 13 60 29 18
9 3 10 23 43
10 5 21 65 17 45 40
11 7 26 52 40 29 62 49 12
12 3 45 32 20
13 3 23 33 66
14 8 19 38 42 60 26 48 54 33
15 5 25 46 26 29 21
16 1 60
17 9 35 60 36 23 63 41 20 34 49
18 2 24 49
19 9 63 22 52 26 44 61 40 50 48
20 6 34 41 36 48 35 64
21 3 33 63 22
22 7 61 59 64 55 66 60 29
23 2 58 52
24 3 63 41 64
25 9 57 43 42 50 32 34 63 48 51
26 8 52 54 42 37 59 27 45 58
27 2 56 32
28 7 67 62 40 53 60 35 39

11 10
5 1 11
10 2 5 11
8 3 5 11 10
7 4 5 10 11 8
1 5 8 7 5 10 11
4 6 1 11 5 10 8 7
2 7 1 5 10 4 7 8 11
9 8 5 4 8 11 1 7 10 2
6 9 2 11 5 8 10 4 7 1 9
3 10 10 8 7 4 1 11 5 6 9 2

19 18
19 1 11
4 2 11 19
14 3 4 19 11
13 4 4 19 11 14
6 5 19 4 14 11 13
15 6 6 4 19 11 14 13
5 7 19 11 4 14 13 15 6
1 8 15 19 13 11 14 6 5 4
7 9 11 14 13 15 6 1 5 19 4
8 10 7 14 6 11 4 15 19 5 13 1
17 11 13 5 4 19 7 8 14 15 1 11 6
2 12 11 13 5 4 15 1 8 17 7 6 19 14
10 13 19 13 7 14 8 5 4 6 1 2 17 11 15
12 14 13 15 2 19 17 11 14 6 4 10 8 1 5 7
3 15 11 1 8 5 10 4 12 7 13 6 14 2 17 15 19
16 16 12 15 4 10 3 13 1 11 8 7 6 19 5 17 14 2
18 17 11 15 19 5 16 7 12 6 3 10 8 2 4 17 14 13 1
9 18 3 13 6 11 7 18 14 10 5 16 12 17 1 15 4 2 19 8


87 21
2 9 86 66 41 83 10 63 56 34 18
3 8 28 87 32 24 54 77 82 51
4 7 11 31 12 72 6 14 81
5 2 18 66
6 1 14
7 2 42 63
8 6 22 56 36 68 25 60
9 3 78 45 16
10 9 59 30 60 15 70 50 42 29 66
11 9 57 25 58 23 47 86 79 55 43
12 8 70 27 46 49 20 71 19 63
13 3 52 16 60
14 8 35 41 82 84 71 32 80 49
15 3 57 38 37
16 6 18 67 30 38 79 48
17 1 71
18 3 65 87 41
19 6 49 38 37 45 56 57
20 9 84 65 30 80 72 71 29 23 34
21 5 86 84 22 27 63
22 7 50 31 79 44 73 71 48

7 6
2 1 6
1 2 6 2
4 3 1 6 2
5 4 2 6 1 4
7 5 4 6 2 5 1
3 6 5 1 4 6 7 2

55	42	
44	9	50	48	46	45	54	52	49	47	53	
43	6	47	54	49	45	52	46				
42	4	46	52	44	51						
41	5	44	43	46	53	52					
40	10	44	48	41	49	50	43	52	46	45	47
39	7	45	49	48	55	54	53	44			
38	8	39	49	43	44	46	42	48	50		
37	1	49									
36	2	38	39								
35	8	53	55	41	45	52	44	43	40		
34	2	48	51								
33	9	53	55	41	52	49	35	46	54	48	
32	4	53	51	45	34						
31	4	36	33	40	54						
30	4	38	45	39	37						
29	9	54	36	32	49	53	31	30	48	35	
28	2	52	31								
27	9	49	29	45	31	42	28	50	30	32	
26	6	46	31	30	27	39	35				
25	4	45	42	31	52						
24	2	29	45								
23	9	38	40	28	30	49	35	36	43	54	
22	5	45	36	47	30	28					
21	3	24	53	50							
20	3	39	48	42							
19	1	43									
18	3	34	39	31							
17	5	27	37	34	42	33					
16	3	26	39	30							
15	8	51	20	55	21	19	18	47	48		
14	3	46	33	50							
13	9	14	28	17	25	30	38	15	47	37	
12	4	35	19	32	14						
11	3	49	14	43							
10	8	49	23	50	31	37	47	24	45		
9	6	51	47	15	55	50	37				
8	7	36	18	32	46	9	44	25			
7	1	22									
6	4	31	32	29	28						
5	2	48	30								
4	8	49	5	22	29	8	15	44	48		
3	9	42	50	8	25	24	21	41	7	45	

14 13
1 1 13 
10 2 1 13 
11 2 1 13 
5 3 11 1 13 
6 3 11 1 13 
3 4 6 11 1 13 
14 5 3 6 11 1 13 
9 6 14 3 6 11 1 13 
12 5 3 6 11 1 13 
4 4 6 11 1 13 
7 1 13 
8 2 7 13 
2 3 8 7 13 

15 14
3 1 8 
10 2 3 8 
6 3 10 3 8 
11 3 10 3 8 
15 4 11 10 3 8 
4 5 15 11 10 3 8 
9 6 4 15 11 10 3 8 
13 5 15 11 10 3 8 
5 1 8 
12 2 5 8 
2 3 12 5 8 
14 2 5 8 
7 3 14 5 8 
1 4 7 14 5 8 

9 8
8 1 5 
2 2 8 5 
3 3 2 8 5 
7 4 3 2 8 5 
1 5 7 3 2 8 5 
4 6 1 7 3 2 8 5 
6 4 3 2 8 5 
9 5 6 3 2 8 5 

8 7
2 1 3 
6 2 2 3 
1 3 6 2 3 
5 3 6 2 3 
7 4 5 6 2 3 
4 5 7 5 6 2 3 
8 2 2 3 

14 13
14 1 3 
11 1 3 
12 2 11 3 
6 3 12 11 3 
1 4 6 12 11 3 
10 5 1 6 12 11 3 
9 6 10 1 6 12 11 3 
4 6 10 1 6 12 11 3 
13 2 11 3 
8 3 13 11 3 
7 4 8 13 11 3 
2 5 7 8 13 11 3 
5 6 2 7 8 13 11 3 

11 10
3 1 11 
8 2 3 11 
1 3 8 3 11 
10 2 3 11 
6 3 10 3 11 
2 4 6 10 3 11 
4 4 6 10 3 11 
9 5 4 6 10 3 11 
5 1 11 
7 2 5 11 

2 1
2 1 1 

9 8
4 1 1 
7 2 4 1 
8 3 7 4 1 
2 4 8 7 4 1 
6 2 4 1 
9 3 6 4 1 
3 1 1 
5 2 3 1 

8 7
7 1 6 
1 2 7 6 
8 3 1 7 6 
3 1 6 
2 2 3 6 
4 3 2 3 6 
5 4 4 2 3 6 

4 3
2 1 4 
1 2 2 4 
3 3 1 2 4

3 2
2 1 3 
1 2 2 3 

9 8
6 1 7 
2 2 6 7 
4 2 6 7 
5 1 7 
1 2 5 7 
3 3 1 5 7 
9 4 3 1 5 7 
8 3 1 5 7 

3 2
2 1 3 
1 1 3 

6 5
3 1 1 
2 2 3 1 
6 3 2 3 1 
4 4 6 2 3 1 
5 2 3 1 

2 1
2 1 1 

15 14
8 1 14 
9 2 8 14 
15 3 9 8 14 
6 4 15 9 8 14 
10 5 6 15 9 8 14 
5 5 6 15 9 8 14 
13 3 9 8 14 
7 4 13 9 8 14 
2 5 7 13 9 8 14 
1 6 2 7 13 9 8 14 
3 6 2 7 13 9 8 14 
4 1 14 
12 2 4 14 
11 3 12 4 14 

14 13
12 1 8 
7 2 12 8 
1 2 12 8 
6 3 1 12 8 
4 4 6 1 12 8 
2 5 4 6 1 12 8 
13 6 2 4 6 1 12 8 
5 7 13 2 4 6 1 12 8 
9 8 5 13 2 4 6 1 12 8 
14 7 13 2 4 6 1 12 8 
11 5 4 6 1 12 8 
10 3 1 12 8 
3 1 8 

6 5
5 1 4 
3 2 5 4 
1 1 4 
6 2 1 4 
2 2 1 4 

5 4
2 1 4 
1 1 4 
3 2 1 4 
5 3 3 1 4 

3 2
1 1 3 
2 2 1 3 

7 6
7 1 3 
4 2 7 3 
1 3 4 7 3 
2 4 1 4 7 3 
6 3 4 7 3 
5 4 6 4 7 3 

15 14
8 1 5 
7 2 8 5 
1 3 7 8 5 
14 4 1 7 8 5 
15 5 14 1 7 8 5 
9 6 15 14 1 7 8 5 
3 6 15 14 1 7 8 5 
12 2 8 5 
13 3 12 8 5 
10 4 13 12 8 5 
11 3 12 8 5 
6 1 5 
4 2 6 5 
2 2 6 5 

22 12
21 6 14 10 15 8 2 1
12 7 20 16 18 10 14 2 4
22 12 8 20 7 10 3 9 2 6 16 11 14 1
3 15 5 2 11 17 19 15 10 8 20 9 7 18 1 16 14
13 13 8 11 4 1 18 2 19 20 17 10 5 16 9
15 2 11 5
20 10 16 9 1 5 18 4 7 8 10 17
11 9 10 8 5 18 6 16 1 4 2
14 13 1 9 17 6 8 5 16 19 4 7 10 18 2
8 12 17 4 2 16 1 5 10 7 18 19 9 6
17 7 5 7 4 10 18 2 16
19 6 16 6 4 2 18 5


12 8
4 1 11
12 4 10 2 11 3
5 5 9 1 10 6 7
7 1 9
3 5 2 11 9 6 1
11 3 9 1 10
9 1 2
8 4 6 2 10 1


20 16
11 11 12 19 3 7 4 1 5 13 2 17 14
1 10 10 15 20 16 19 13 6 4 17 18
3 16 15 13 12 19 16 20 5 18 7 2 9 14 17 8 10 4
4 2 9 13
18 9 12 5 17 15 14 6 10 2 9
9 11 8 15 16 19 12 7 17 2 20 6 5
12 6 13 15 2 10 8 20
10 9 20 6 19 5 8 14 2 7 16
16 7 5 15 8 17 2 14 7
8 7 2 5 17 13 20 7 19
20 4 6 2 13 17
6 7 7 15 13 2 14 19 17
14 1 19
19 3 13 15 2
7 1 15
15 2 17 13


21 6
4 16 18 8 11 9 6 10 14 17 21 7 2 16 1 5 13 15
15 12 2 16 10 19 1 20 7 5 14 17 21 6
9 17 5 12 3 11 20 7 6 2 1 21 16 18 10 13 8 14 17
10 12 17 14 5 1 16 19 18 7 2 8 11 20
13 9 3 2 20 7 21 17 18 1 11
20 9 5 6 14 1 7 18 21 17 3

16 3
10 7 9 2 15 1 7 5 8
13 2 8 4
3 1 16


21 7
17 1 2
5 10 6 1 7 20 2 16 18 19 10 13
7 7 18 20 13 11 9 16 8
1 8 14 2 13 6 12 10 8 16
11 11 12 3 6 21 15 19 20 10 4 13 8
3 1 14
18 7 15 2 19 6 12 8 9

53 47
10 40 19 31 43 4 46 25 11 29 27 40 37 50 16 18 45 49 33 1 32 20 5 41 34 6 36 26 7 3 30 53 44 24 22 14 42 17 9 48 2 12
7 40 40 38 44 41 4 5 8 36 22 14 43 26 34 15 49 51 2 52 30 13 25 50 45 20 42 19 28 47 39 17 1 53 9 32 12 24 6 48 35 31
23 16 53 30 40 12 4 3 39 47 26 50 8 9 41 18 32 24
5 38 37 12 6 48 15 14 13 26 16 11 18 50 3 22 32 28 27 36 33 44 47 46 51 41 29 17 42 20 31 38 19 1 25 43 8 53 40 52
13 21 25 18 45 37 1 29 32 47 26 38 34 2 42 53 20 12 43 6 8 36 30
12 28 14 44 24 45 30 49 26 43 6 39 34 38 1 29 50 20 3 46 52 16 17 25 53 8 42 27 9 51
15 31 47 48 3 41 52 11 39 6 18 30 45 26 32 38 37 9 44 36 4 49 19 31 53 8 22 29 2 33 24 34 46
52 21 18 25 27 44 47 34 38 14 32 45 35 8 29 48 31 43 11 41 49 22 21
17 36 37 20 47 43 51 18 34 45 42 29 22 44 41 30 24 27 53 36 38 32 50 6 49 40 19 35 21 26 1 2 46 31 16 11 8 28
47 22 25 39 35 33 6 27 29 26 43 30 34 20 31 41 4 8 46 36 32 2 11 51
30 11 24 39 31 49 18 11 32 40 26 53 45
14 35 49 31 44 27 24 45 34 41 6 43 42 29 51 3 16 8 1 26 19 32 46 38 36 11 4 39 28 21 33 40 37 50 2 20 9
25 8 36 33 51 16 18 35 3 20
48 14 35 24 39 9 44 16 31 3 1 33 22 11 18 6
19 2 27 2
37 15 27 45 43 16 49 18 42 3 11 21 8 4 2 31 20
28 22 38 21 42 27 31 36 49 16 26 3 40 34 44 2 45 18 6 8 4 46 11 32
18 18 6 31 33 21 51 34 43 50 11 36 32 3 29 38 20 27 35 46
35 6 31 24 20 1 34 33
8 2 46 41
21 1 2
29 7 34 31 50 40 27 26 38
3 16 6 36 4 40 34 44 38 46 50 49 41 27 9 20 42 39
26 9 24 27 40 34 20 1 41 33 36
2 12 42 53 24 9 33 51 11 32 22 41 27 40
36 8 27 49 41 51 32 50 39 1
1 20 16 42 51 53 43 32 6 22 44 11 20 45 31 34 50 33 39 49 9 4
40 8 50 9 43 49 27 6 33 34
39 18 24 42 44 31 53 27 51 46 34 33 32 6 41 4 38 43 49 9
34 1 38
20 12 4 46 22 50 42 31 45 43 9 44 27 41
49 17 16 11 27 24 50 6 22 44 46 31 42 45 9 4 53 32 38
44 1 9
46 13 27 43 41 22 9 53 11 16 51 32 24 4 42
33 18 43 27 11 51 42 4 6 9 45 41 38 32 50 16 22 31 53 24
24 17 31 41 9 4 50 43 53 22 32 6 42 51 11 45 16 38 27
45 2 53 9
38 15 53 9 11 27 51 16 31 22 4 6 50 43 42 41 32
43 4 6 27 53 16
42 3 16 6 53
53 10 9 31 51 22 16 41 50 11 32 27
4 11 6 22 50 51 41 11 31 32 9 16 27
41 7 9 51 50 6 22 16 11
32 9 9 27 11 6 51 50 16 31 22
31 4 9 51 50 22
27 7 6 11 16 50 9 22 51
50 2 22 16

95 63
30 47 58 10 23 65 94 80 67 63 69 3 95 5 24 15 61 37 79 60 74 75 78 43 46 16 72 52 84 6 8 68 39 64 92 34 89 90 59 66 42 54 33 83 18 71 87 47 55
23 53 62 17 94 67 50 85 52 44 48 15 14 86 27 90 91 76 65 25 46 49 40 21 95 84 19 12 5 18 78 51 7 34 10 42 64 36 82 56 31 60 22 71 28 92 8 77 79 41 58 89 33 39 37
7 25 24 59 3 83 80 54 89 55 50 21 67 68 14 74 37 91 2 17 39 71 9 82 64 41 78
76 52 13 51 39 71 53 52 12 14 58 34 78 27 45 60 37 55 73 93 49 20 77 56 38 29 89 1 46 54 47 64 43 92 24 90 79 82 80 62 83 41 5 44 28 40 26 88 35 21 69 22 9 16
88 66 95 52 75 24 46 16 6 86 17 92 8 60 25 50 1 54 47 35 67 5 81 22 27 20 31 39 10 36 58 2 59 14 64 90 83 84 49 73 38 43 79 71 66 9 28 44 26 70 65 62 32 63 13 19 34 55 82 57 91 11 87 12 68 41 4 56
4 2 67 26
14 59 59 81 24 44 69 27 63 37 66 52 34 25 53 18 40 39 82 13 42 38 65 8 32 68 58 33 92 95 20 47 61 50 6 72 55 12 46 51 83 45 17 36 41 70 10 73 87 54 74 28 85 43 79 49 16 11 15 77 90
6 40 44 33 69 57 22 81 17 72 48 60 68 28 43 89 55 77 53 32 41 67 3 18 45 9 16 50 80 11 66 25 74 15 84 46 42 86 21 24 37 87
65 31 35 12 15 82 24 64 66 9 72 68 71 1 43 84 28 13 57 33 77 31 8 92 2 29 11 34 79 40 83 48 80
90 27 80 26 77 41 11 22 24 52 31 71 27 12 55 47 68 56 49 92 39 1 9 87 72 32 17 69 75
35 1 52
83 72 62 59 50 74 92 10 71 49 64 24 45 21 53 26 13 61 84 89 78 2 57 33 55 72 39 47 95 42 18 48 94 43 60 56 46 44 1 77 11 82 73 34 17 19 93 37 54 70 31 41 91 9 32 28 87 16 36 68 67 81 63 8 80 79 12 15 40 58 86 20 66 52
73 55 66 55 34 11 91 81 43 49 64 18 2 24 21 3 46 26 78 17 87 50 1 92 31 13 29 20 57 5 38 10 69 67 27 70 45 8 93 47 54 37 79 84 42 16 86 22 19 32 77 63 56 12 58 53 40
42 67 27 8 95 29 44 87 72 2 69 20 64 60 91 71 77 3 93 31 52 41 9 79 68 51 89 81 82 92 57 15 78 50 56 49 55 53 85 70 26 37 94 63 59 61 22 5 1 25 86 39 24 33 46 10 43 74 28 45 75 84 21 11 17 58 34 47 38
50 28 51 24 13 18 5 20 91 9 36 54 95 38 31 78 22 16 27 69 67 19 44 1 55 93 61 84 15 41
1 10 54 20 45 60 56 95 91 70 17 82
67 31 27 70 22 55 57 41 92 75 46 38 28 69 12 18 60 5 72 77 84 58 10 17 63 13 8 86 43 15 56 2 53
31 72 18 33 87 91 37 57 52 10 46 40 47 8 49 22 16 29 21 63 43 61 19 56 70 68 84 82 24 72 74 34 79 36 77 12 60 27 20 48 11 78 59 17 55 2 13 9 54 69 15 45 89 81 64 25 62 44 85 41 93 3 71 26 66 38 95 75 5 28 39 92 58 32
70 8 64 69 66 24 71 58 2 45
85 68 52 80 86 81 64 29 48 41 58 3 61 33 17 77 19 84 79 57 8 43 24 92 62 74 12 72 20 89 82 34 59 45 26 53 60 46 78 54 63 32 22 38 94 51 66 71 55 13 75 5 47 91 9 15 69 49 39 28 56 27 10 37 44 11 16 25 95 36
48 55 92 91 57 37 36 47 44 41 63 82 19 28 54 38 62 45 61 10 93 89 86 78 72 12 59 27 13 81 52 20 58 43 40 46 21 77 9 16 74 66 33 32 69 51 39 80 60 17 75 3 71 25 68 84 26
15 48 75 21 52 95 60 64 9 17 72 38 36 45 33 68 5 12 78 59 82 86 94 8 19 22 32 81 49 55 25 89 63 34 71 46 13 3 74 11 92 56 18 69 66 62 10 41 58 24
32 6 18 9 86 36 24 46
53 27 56 60 54 40 17 47 28 87 58 12 5 71 16 29 43 93 33 11 21 78 20 13 72 80 38 75 55
5 33 47 33 36 79 43 56 58 66 24 41 78 68 29 64 17 52 62 44 94 38 39 16 9 11 34 71 51 27 12 81 89 75 87
36 14 27 72 79 68 78 77 34 26 55 86 38 60 94 51
20 8 43 52 69 60 61 59 17 37
74 3 63 43 8
45 64 66 60 17 58 44 8 78 59 49 24 27 9 37 64 56 89 19 16 26 57 55 21 13 40 75 43 91 71 18 28 92 52 72 29 54 63 87 3 69 95 39 2 81 94 10 33 51 12 25 11 61 80 47 22 79 84 77 38 86 34 93 62 41 82
33 31 69 34 82 71 28 49 55 9 79 51 27 43 75 62 59 58 89 87 61 37 17 26 40 92 81 41 12 60 44 13 46
44 36 51 34 39 95 38 75 16 41 43 82 92 10 93 79 69 21 28 68 11 58 18 89 24 27 56 8 81 62 13 52 86 46 19 66 60 9
79 16 75 2 28 94 56 11 29 43 52 22 71 86 72 58 34 49
26 46 66 2 93 95 10 58 28 52 54 86 12 64 56 87 49 22 60 8 17 13 21 80 41 94 55 3 29 72 91 46 24 92 34 71 9 27 77 89 57 19 39 47 40 62 69 16
3 1 29
34 21 95 27 13 37 21 38 59 84 81 91 69 11 43 16 40 41 64 78 62 68 71
9 35 91 47 86 54 29 59 51 27 49 61 69 13 39 12 82 77 63 22 8 66 41 52 75 57 72 19 58 37 92 21 25 43 46 62 94
71 51 68 52 22 19 27 29 87 82 46 18 17 63 56 39 16 84 12 25 13 60 47 94 11 92 64 89 62 2 57 81 43 8 75 93 69 10 59 37 61 95 78 21 77 58 49 41 38 28 55 66 54
69 28 22 95 62 52 47 51 89 17 54 19 80 56 84 59 24 93 66 40 21 82 86 10 77 55 49 43 39 87
89 21 55 93 75 41 61 56 16 43 77 17 66 22 10 59 52 11 92 64 94 24 84
39 34 49 91 63 80 17 81 27 86 58 78 62 16 72 12 84 51 29 59 95 77 21 24 47 37 40 55 11 68 54 43 8 41 94 22
29 17 86 25 68 28 11 2 43 94 56 40 63 21 59 66 81 95 92
86 49 54 46 62 78 60 92 8 10 47 27 43 81 77 95 59 75 11 18 64 12 41 19 38 58 57 80 28 21 68 93 37 24 91 55 16 56 82 49 87 13 72 52 94 84 63 40 17 51 22
46 5 55 84 80 8 52
54 51 63 58 47 94 81 51 16 66 55 78 19 13 12 64 11 49 62 17 24 43 92 61 68 57 37 27 40 84 10 22 25 2 52 28 75 77 56 91 59 95 8 41 82 87 38 60 21 80 72 18 93
72 18 41 38 78 94 58 56 82 91 66 61 11 16 17 68 25 27 77 63
61 30 55 63 18 47 75 41 93 56 8 52 78 22 21 87 68 82 92 91 38 60 40 19 66 62 84 28 49 16 94 25
87 25 10 24 82 66 22 21 28 8 40 2 17 64 55 75 41 94 58 57 16 56 49 95 43 27 92
16 21 52 38 22 95 62 66 51 37 8 63 55 92 2 49 91 47 13 59 11 40 56
95 40 47 10 22 41 17 81 21 75 60 19 91 58 27 55 63 49 25 28 66 37 94 68 40 2 51 84 57 82 80 43 93 56 38 8 77 52 13 59 24 78
91 29 60 77 43 49 51 40 27 21 62 57 92 2 56 78 80 25 84 24 28 12 41 93 8 59 19 11 64 10 47
37 13 18 10 25 93 62 41 49 56 75 59 84 17 63
77 43 81 56 19 57 11 10 62 64 78 2 82 24 63 12 40 66 58 80 17 59 27 92 93 13 41 47 28 49 25 94 75 18 60 52 51 68 21 84 43 38 55 22 8
55 25 38 24 49 80 21 81 60 84 57 82 8 94 17 19 25 92 68 22 58 10 27 52 43 66 62
47 21 93 75 24 10 13 59 94 12 58 63 25 22 84 64 60 11 40 62 82 8 41
56 30 84 81 12 78 10 93 64 18 58 75 59 63 57 25 43 80 28 94 17 68 51 40 60 13 11 49 27 2 62 21
66 19 58 19 43 13 68 12 27 60 11 8 28 59 93 18 52 49 92 10 80
25 38 60 51 63 62 21 40 92 13 58 28 43 68 75 64 27 22 19 93 81 57 52 11 8 38 12 10 41 59 94 2 84 49 78 80 18 24 17 82
63 11 40 21 24 11 41 10 27 17 28 51 92
78 24 49 57 10 94 41 17 84 92 82 62 27 81 80 59 12 24 11 68 58 13 51 43 40 64
22 6 93 18 80 60 28 41
80 33 84 21 81 12 2 57 27 51 60 17 28 11 82 62 19 59 13 24 93 40 52 92 10 41 58 75 68 64 8 94 18 49 38
10 33 60 59 92 57 81 93 40 94 27 13 12 24 43 62 84 41 18 51 19 82 52 28 2 49 11 64 68 17 38 75 21 8 58
11 5 64 81 94 58 38

91 12
45 11 4 65 48 28 84 61 66 70 30 17 83 
89 11 66 23 62 49 60 72 63 43 83 30 5 
60 4 48 70 61 4 
66 5 75 48 70 4 60 
88 12 83 48 42 28 41 84 58 69 40 61 65 39 
12 14 88 69 62 63 58 72 84 17 3 43 1 4 23 45 
5 3 48 66 75 
40 6 81 60 75 70 83 37 
8 3 28 81 65 
58 5 75 28 66 45 3 
47 14 77 43 32 5 65 40 31 83 84 58 60 27 3 61 
34 2 3 45 

52 5
6 3 48 9 34 
38 4 34 50 9 48 
16 11 49 15 11 26 6 9 2 24 37 48 34 
24 10 43 12 9 8 49 50 38 13 23 6 
22 9 18 50 31 30 23 34 38 43 48 

97 9
28 7 11 43 65 31 17 58 32 
55 14 80 50 32 86 95 43 61 11 28 92 14 67 88 59 
94 2 30 73 
89 14 66 61 75 59 53 73 33 54 96 1 51 32 15 37 
51 8 31 29 87 43 14 59 65 28 
67 2 59 32 
92 5 52 65 18 28 43 
1 11 50 17 10 31 15 11 73 93 77 41 96 
56 16 77 22 29 17 74 92 53 87 35 50 58 86 93 67 80 31 

75 9
42 2 29 58 
54 3 73 26 74 
28 6 9 30 38 7 58 6 
17 11 25 6 12 51 58 7 38 55 32 37 47 
46 10 9 58 34 47 17 69 6 66 38 30 
68 15 12 42 38 60 7 44 29 37 27 63 17 35 30 25 55 
32 4 30 58 47 29 
55 4 58 47 9 7 
70 7 34 51 74 32 73 35 20 

60 16
18 5 37 10 4 47 16 
9 8 30 16 1 24 4 52 13 10 
27 11 19 47 15 9 30 59 52 10 24 53 1 
45 1 4 
32 1 51 
19 3 45 4 37 
20 15 30 51 41 37 13 10 27 15 9 59 16 54 7 47 33 
26 7 10 13 37 4 19 30 45 
53 8 1 30 4 54 45 9 33 16 
33 5 1 37 30 19 10 
51 2 45 54 
16 7 30 10 4 19 26 45 37 
49 9 30 41 53 52 19 45 26 1 5 
35 14 12 59 7 15 2 20 10 44 18 53 19 5 47 43 
15 9 37 4 26 54 19 9 53 24 13 
44 8 59 47 9 10 4 52 30 19 

21 4
3 6 19 7 9 4 1 5 
7 1 15 
4 5 5 7 15 12 19 
10 3 12 8 15 

62 10
31 16 19 18 26 22 39 40 11 51 14 52 21 29 16 43 32 7 
7 8 53 1 58 26 21 60 11 9 
9 3 58 43 21 
29 7 1 28 7 9 60 18 53 
55 14 52 51 39 29 37 60 19 32 2 34 14 9 21 11 
12 7 28 43 60 58 21 11 53 
16 11 7 14 26 60 11 53 52 12 28 10 39 
51 2 22 9 
2 6 60 26 28 12 9 1 
60 5 9 21 1 43 53 

94 18
66 8 60 83 86 6 41 55 32 48 
65 8 55 33 13 85 23 39 48 11 
54 13 41 85 71 84 33 40 6 11 80 93 60 4 87 
78 7 19 9 85 33 65 48 14 
79 8 60 23 7 11 32 55 24 5 
71 13 76 39 57 48 55 86 4 13 32 80 6 83 27 
49 11 55 41 48 6 35 62 28 57 4 60 32 
30 8 27 41 36 5 9 66 83 53 
16 3 41 27 32 
43 10 33 5 23 41 87 7 32 35 16 13 
67 7 68 11 35 13 32 8 21 
60 1 32 
85 5 35 49 33 27 22 
28 12 33 62 57 83 60 86 66 80 4 41 6 55 
83 5 6 41 32 60 86 
40 5 27 71 32 11 21 
84 6 93 55 80 21 57 73 
11 10 28 71 62 41 51 32 6 55 60 27 

